{
  "weights[1][3][3]": 0.4387185573577881,
  "weights[1][3][1]": 0.4254873991012573,
  "biases[1][2][0]": -0.886507511138916,
  "weights[2][0][0]": 0.08670234680175781,
  "weights[2][0][2]": -0.7317055463790894,
  "weights[1][0][2]": -0.9071720838546753,
  "weights[1][0][0]": 0.09364426136016846,
  "weights[1][2][0]": -0.891128420829773,
  "weights[1][2][2]": 0.9162768125534058,
  "biases[2][0][0]": -0.4367072582244873,
  "biases[1][3][0]": 0.512210488319397,
  "weights[1][1][2]": 0.29448962211608887,
  "weights[2][1][2]": -0.27973997592926025,
  "weights[1][1][0]": 0.2724764347076416,
  "weights[2][1][0]": 0.5551846027374268,
  "weights[1][3][2]": -0.24914228916168213,
  "weights[1][3][0]": -0.267714262008667,
  "weights[1][0][3]": 0.4209500551223755,
  "weights[2][0][1]": -0.0840831995010376,
  "weights[1][0][1]": 0.29710471630096436,
  "biases[1][0][0]": -0.8471957445144653,
  "weights[2][0][3]": -0.790919303894043,
  "weights[1][2][1]": 0.4349621534347534,
  "weights[1][2][3]": 0.6274036169052124,
  "biases[1][1][0]": 0.6301629543304443,
  "weights[2][1][3]": -0.794336199760437,
  "weights[1][1][3]": -0.050536155700683594,
  "biases[2][1][0]": -0.5074646472930908,
  "weights[2][1][1]": -0.36782968044281006,
  "weights[1][1][1]": -0.6660021543502808
}